6897
5564
4303
6642
7966
7893
8724
9797
6631
7864
6191
4802
14013
13080
12151
9195
10928
15384
15396
16062
17170
16462
11719
10129
12935
17006
10062
9875
12854
10116
7811
10534
17508
19332
20909
20113
14373
12924
16841
25361
18727
20774
19532
13383
14002
18037
17026
20890
20433
20488
15495
11492
20169
22906
23905
17729
18053
14010
7890
18789
21554
13899
21823
11424
10704
8237
23688
22054
20114
24072
22886
14463
14871
21986
23016
22251
21582
20934
12735
12764
20464
17964
20750
21161
20164
11584
11259
18430
13950
19559
19995
19119
13493
8739
19785
21754
27964
22424
15815
11877
9331
11328
16026
19767
12901
14534
12123
6235
18086
18764
17005
15974
18545
10806
8356
17258
17427
18628
16822
16092
7867
6866
16681
9263
9848
7356
8264
7857
8321
13855
15033
15225
16171
15602
10328
8585
14997
15550
13412
10833
10366
2805
2764
6876
7879
9718
8867
5402
5621
4383
3971
3763
7010
7464
7448
4555
6250
7262
13430
13757
9595
9294
9338
10558
16058
16412
13894
15911
14834
11851
10471
10835
17703
18350
17957
16509
10658
9911
17193
17045
16396
16519
15538
9379
9455
16260
16331
18102
15593
14938
8442
9437
16537
19829
18197
11496
16070
12855
7034
17836
15667
18989
18938
17460
6250
7882
13720
15948
12936
19230
18634
7749
8349
13843
15774
16929
16576
16971
9847
7142
16192
17240
18494
18794
19074
15488
10526
19451
19568
19643
20036
14612
17801
14694
20710
21792
23837
23518
24343
16095
17550
21602
22080
18945
20831
22048
19829
17294
20949
16690
25597
25451
26622
22323
21346
22204
23651
18909
22346
22974
19632
22009
24032
27914
27934
26547
23719
19182
21313
21669
22038
24349
23794
19700
21574
19489
18126
23786
26183
23620
28971
22274
21011
27172
29417
27205
23461
23991
21100
19097
24620
25464
23068
27534
27523
24408
19348
24268
27768
28708
18055
22907
15693
18396
16097
23312
26054
26920
26641
15233
8420
13812
22378
23013
25061
20141
21059
6061
23978
28889
25643
17566
15723
13721
17092
20101
26780
22745
24559
22137
17944
23483
26243
21950
28073
27297
27758
22764
21423
27332
24802
26207
20483
19485
21360
20203
26355
26633
25417
26479
27114
10224
10965
18541
21218
21580
20951
25172
20264
22464
25185
25636
24989
26759
25373
23930
21388
22940
24290
26120
15149
26792
20485
14912
23489
23011
24182
20573
22971
20731
21115
23657
24899
23010
16139
25444
17334
21836
25222
10953
22883
20026
12368
14045
15908
17443
21477
23036
25110
25981
24578
14967
21776
13863
22746
23679
23957
20069
17719
21572
23962
25824
25803
25567
15147
17327
23708
23676
22730
24601
25114
22113
21211
20527
24841
28434
29039
29139
27129
26906
27559
26131
26263
25083
24529
18154
17643
24198
26184
26323
25149
26542
23663
18530
23892
23791
23259
23157
23253
20482
18560
22842
22771
17621
19360
23158
18228
15443
22999
22747
23724
18676
18774
16434
14317
20365
19231
22542
23475
21140
18933
17744
19913
22245
21639
22802
22461
18706
14829
20824
20341
21855
21870
21598
15803
14362
20167
18718
20956
16481
19146
13776
10276
18176
18943
19279
17313
18421
11864
8368
16554
17111
17543
17081
11778
8925
7485
11270
15685
14158
15099
9131
4890
17998
10953
8076
9888
8368
6900
7793
5171
9091
10094
13936
14191
17713
12556
10487
19472
20548
20958
20879
19691
13843
12149
19136
20170
17972
15441
18703
13339
12845
20193
13269
20836
19515
20775
13272
10949
18955
18176
18208
16916
16185
8348
3531
15202
17722
16442
16363
15117
9912
8020
13172
17946
19396
19505
19444
9463
12655
18802
20861
18112
23391
22067
19349
17646
20936
23423
23692
25116
21928
17697
5062
19342
21102
17096
24123
23609
24721
27758
28856
27528
28296
29969
26452
13391
19184
28391
30817
31175
31135
33635
35091
28607
32368
34563
36539
35954
35666
23038
30513
32142
25956
27912
24383
22354
16848
15717
6214
24898
29345
25772
27673
26193
10188
28188
20105
16651
18759
22730
22014
19707
19262
27522
12737
21740
24263
7827
9951
31909
24523
28381
23768
25503
16009
17160
15227
28585
21758
26164
31385
30699
28778
23344
18409
31453
31219
30945
28474
22286
30905
36720
40486
42008
41357
39358
38781
40872
37962
38803
35630
34524
25283
12207
22649
15537
30297
23066
22224
29258
20876
10252
23742
34447
31593
30944
26300
28531
31089
37601
39267
27052
33027
26900
23509
36337
37652
36767
39571
35321
32982
27438
24963
27163
32433
40565
24723
24782
15855
30523
29723
30544
24736
28875
17999
29938
24218
36788
29841
37032
31187
34776
38620
42309
45748
45024
46891
42815
44617
26352
41891
35805
41603
43183
43045
39082
30150
37198
38134
42263
46050
47102
44111
41734
36101
41532
36557
38181
40821
40577
35370
37997
39185
39962
36578
33329
17802
31939
27522
37362
30916
30379
37406
33123
27997
39941
40298
40606
39864
41414
40978
39006
35489
37276
35654
37938
36653
36493
29785
35954
37026
36136
35929
32347
33867
8452
21229
33706
27202
32416
31880
31223
25263
23627
30107
32695
35136
23773
30424
27168
22984
32965
35221
25324
31694
26289
25440
30558
33253
30285
32566
21001
25411
15563
27294
31996
33882
29515
26404
17144
15305
24276
30325
29241
26888
28748
21498
11693
27666
27038
29537
29895
29349
18018
20971
23680
30511
31453
30165
28143
20325
21664
28127
25921
20554
27783
27973
8902
16894
20656
20388
21403
26212
24838
16068
15227
23592
26144
23111
22645
20140
17805
14147
23937
23531
22344
21704
17085
16962
14128
22899
23651
16828
12401
20395
5644
9184
7985
16816
10405
9013
10947
8498
11343
8865
12149
16203
21269
22435
16242
13622
23348
25909
25341
24363
23869
13562
12260
17427
22797
22460
22210
13108
7843
3728
13467
18061
19404
20721
20178
14595
13689
18689
21268
23415
21957
18081
15757
13572
23017
21177
20664
20852
20571
11274
4901
13468
20342
21051
21034
22952
19072
19044
22724
24525
20938
19757
18313
11234
9404
19800
19595
21484
21985
19487
15265
14520
23036
27054
24324
17322
13843
14244
10163
16546
18794
20245
21984
17159
9190
7940
15852
22479
22216
22061
16233
5249
6786
17290
18384
19184
18052
10909
9793
9007
9421
19148
17801
15626
18059
18216
18090
21797
17555
22233
19240
15100
11291
25074
24923
26060
25730
23979
24297
26724
22466
25384
31359
30193
32000
23125
17337
19139
27644
29219
31175
31239
31340
19156
24342
29015
30707
26032
24250
26399
16627
15918
24836
18054
24015
26070
24932
22272
23994
25914
27649
26967
24701
12891
21087
27251
25819
14556
21440
22150
29136
24782
27202
29940
32397
32488
32829
28762
27264
19429
27336
26601
24401
26388
28797
16020
19970
28611
30871
31899
29959
28844
19483
19006
27636
31889
31156
27306
22074
29054
31237
31151
30163
30780
32941
34704
34191
31363
34263
35519
33629
33792
33173
33509
32169
34419
35580
35203
35330
35196
28332
30075
33176
31624
34038
33683
34681
25761
28177
30415
22742
28976
34770
29109
34928
32580
23864
33631
33084
33737
28206
28830
29530
30425
30933
31412
30865
25555
23931
26910
31183
33578
33214
22363
30665
7341
21638
27802
29563
32024
31639
31127
29718
23856
31292
31600
33406
33574
20930
21279
18046
17943
24558
23386
24246
15392
12977
4826
21892
18428
25319
18746
26196
21988
22683
26625
28666
28183
28857
27371
21716
20654
27089
27711
26467
25153
26522
22996
25143
26680
27598
26433
23497
15640
17068
7068
18979
24657
20562
25170
24880
17430
11396
21385
22316
24178
26399
23677
16986
15652
14577
23126
24753
20055
20597
15347
13063
20369
19326
18431
22527
15188
6772
9767
14377
19572
22021
21061
20850
15029
12340
18491
20335
14115
18668
18789
13276
10505
19201
20486
20274
20649
19397
13323
11711
19630
20242
20035
18326
18494
13625
13076
19969
20432
19123
19420
16921
14049
8557
13825
15689
17311
17738
18046
5774
9233
6246
6201
27715
7666
7258
10533
10983
8413
7701
4327
15820
11636
6918
9145
13066
17420
19770
19143
18840
15723
11975
17721
20740
19243
18861
17434
15333
16083
21218
21756
21072
20020
19272
14581
7033
18285
19939
10585
17052
13859
13981
15924
20370
21217
29418
25395
19857
10928
11657
19278
18514
18000
20954
12794
11208
18484
19013
19484
21556
19396
21269
20033
13680
21469
20713
23938
20629
13781
18823
11727
18150
23069
25102
24696
24385
25556
33955
24347
23871
27173
27552
28134
29664
34421
26465
25502
26719
23718
23821
19091
17463
24055
19421
20493
23462
24198
29511
26605
26715
29782
28876
28245
27401
25648
16387
18883
26654
29621
29229
28435
25706
31404
28742
30031
30934
27676
22152
21424
7188
20532
22689
27102
29119
20400
25195
21284
29474
46333
49025
16644
26510
31534
33030
33748
32323
28802
19398
30131
19373
17645
26149
25351
34122
35148
36268
38147
43663
37088
33626
34437
30819
30556
18723
33401
12049
14446
21978
29229
31331
35040
36655
33481
29332
25905
34617
37440
29919
44415
34305
40128
39582
39928
40036
32758
28944
31592
37658
35431
36113
36924
42463
41596
35206
38066
39623
35438
35912
20199
26714
32193
39495
40878
43116
38316
27332
31117
36191
35107
38844
32108
27618
38331
33227
38450
40888
42341
42404
40543
37061
34379
38499
42928
42486
42412
31881
43788
39917
36203
42308
43044
41970
40009
38046
41944
39856
40716
38665
42491
34234
47454
23980
31725
34827
37856
27185
32510
47245
39952
30784
35332
36817
33236
34047
29999
30962
6175
18448
32286
31842
32439
30832
33312
27455
36836
36523
35448
35013
33434
34248
36983
37674
37091
35303
37144
34174
31770
36629
37535
38583
38442
36841
31031
33334
35178
36460
32680
35367
35474
35087
37873
31701
37373
32733
36992
37909
18967
33082
24330
31465
23573
26642
32510
30498
23063
13299
28518
25424
31541
32770
28951
30480
31642
24681
30642
31277
29144
30053
26514
33716
35320
23281
32503
36478
31912
15887
22347
23525
27970
28274
26779
17473
24099
28303
28993
24878
27839
21442
22842
17849
21398
26094
28807
29068
24070
18347
6030
25884
24359
23096
26765
26782
24337
19998
24983
21614
25376
19993
22939
17431
12789
23519
23925
25028
23028
20436
18255
14441
22940
23087
22120
23196
21966
14690
11802
18552
16551
10385
39145
7678
6349
9293
12411
13120
12811
9615
15389
5779
9367
20566
20765
22504
15769
22285
14877
14738
17354
24966
23767
23123
22894
15443
13373
23193
23384
22987
23432
22093
17748
15267
22867
25222
21685
21421
21405
10385
11420
21770
20028
22056
21396
21146
13324
15983
24078
24399
23870
23429
17836
14644
17253
16548
25288
25340
17081
21014
16490
9214
21857
23758
21708
20131
24540
13677
15817
22379
24001
24544
24959
25527
27754
20207
24230
27878
27610
28324
25840
18270
10744
19950
25956
26618
24241
25424
16304
18782
25741
24161
25779
20415
26567
19242
8987
22235
22898
23677
22818
11503
13828
19685
25724
29525
30882
31671
32299
25415
29457
28203
34830
37709
30656
30001
29846
19906
32163
35103
32559
32935
32332
25441
19565
30735
32024
26197
31854
29822
22474
21375
26933
26633
24556
31283
27029
27995
32399
33872
33930
36877
15657
32522
32720
31506
24385
28408
30650
34922
33624
23989
30267
29607
34880
36496
34496
26155
29432
15075
27893
28070
35630
39687
35048
33088
35757
32745
33447
35862
38969
35367
30566
25402
34723
38166
38799
38875
36220
26546
30621
29711
37663
39183
38856
37281
36885
25846
39280
43582
42891
38467
39940
38640
29963
38895
38120
41921
73094
43266
42676
23498
27646
35600
34878
39609
38845
38906
36989
32140
41001
38133
39368
16135
32982
12497
32103
36310
37021
36350
36932
43492
43679
35609
37864
39010
63963
39788
39362
40758
35625
34567
36838
26185
25638
34137
30948
36003
34776
31903
32857
36329
44724
27202
17520
28401
23969
30856
33201
22828
25191
9709
25739
30313
31163
29913
22475
29539
31917
32968
33332
35956
34690
29143
26342
25923
28311
18764
32336
30124
33855
31380
23831
20567
34193
29537
35064
32955
30024
33341
34591
35143
34845
35782
29224
30096
20833
25972
28817
33877
34392
29683
27984
31469
31753
30815
31062
30295
24555
23282
30127
32949
19085
30539
30515
17058
23591
30606
32635
24040
27534
24195
27765
23085
28256
30911
23675
24685
25677
15031
18943
28623
29429
30049
29108
25410
8983
17711
26676
23773
26636
23852
25993
12847
13205
24070
21348
26187
26826
23667
16523
11453
21886
26714
27975
26038
26130
16667
15627
25897
23565
27739
23251
23439
16815
12364
23972
20310
25740
25977
25886
18883
13118
18239
17571
18568
8968
22871
10362
9507
13851
15717
12379
14024
9922
7246
4894
20644
22934
23199
18225
20948
11674
14447
21188
22924
24726
22266
22594
16258
11826
22905
23919
23919
23490
18431
17424
16474
25886
20329
21816
25490
22701
16528
11098
23742
24643
24601
25344
22806
13255
14219
19924
23460
23769
25393
22995
9948
13782
21918
24537
19168
23696
22300
11224
14745
20538
25832
25634
24296
23714
14871
13549
23738
20876
20775
24559
24179
12340
12591
22785
23308
19280
23648
21026
21834
21938
25597
25379
25489
27198
23210
18060
17163
25990
29312
27052
19477
25612
11211
10149
10316
18945
26700
28486
27310
24416
21068
25182
30155
24132
22338
27357
19858
23389
24162
30801
30285
30566
15919
17801
18274
28512
33719
34577
31937
20532
22060
18873
24389
27862
28431
28901
25658
24844
29664
19598
32037
36514
39104
40117
44532
45301
30821
21673
27922
38525
35109
30442
34725
37441
36810
24335
34655
36101
26785
31115
35451
36580
31919
37442
36133
31301
31246
24041
16227
27156
29162
29580
30140
40836
39528
35137
34588
41546
40139
29018
18109
27571
30218
37704
31406
32018
29692
31372
22309
39003
36628
25129
36530
26357
29597
33695
31701
31496
35867
28108
30802
34195
37628
40955
42871
39670
37311
34525
29556
32781
30186
36128
40364
37045
38916
38340
43497
46625
45156
41731
36401
42121
39070
40999
42528
33646
39009
35737
46251
46276
30074
28949
40683
39488
40570
42579
38620
38117
40052
38917
38034
40645
43792
44648
41764
40899
42879
39379
25862
24712
28625
36064
42558
41088
38191
38222
32656
26325
34665
39992
39344
40302
34661
23805
27901
28210
37982
40232
41004
36554
17308
39906
39687
44035
44909
42598
22204
27548
29830
33401
37658
40646
38411
38963
36243
30015
35059
36094
38893
34840
34140
17832
27335
35892
37162
36314
35332
33361
27236
25390
33045
35254
32552
30762
32637
23773
18685
29007
33062
33953
32624
30838
26322
23812
30329
33313
34322
34203
33769
28114
24166
34747
32334
32316
31111
22143
19649
13576
17329
26382
18878
26075
28088
9709
19258
24824
28810
27646
27692
26884
18288
10704
19374
27723
29047
28091
27692
19805
15628
26980
27847
27119
26431
26223
18120
15448
26456
28347
29735
28632
30076
15054
17713
25476
26747
29130
28449
27926
17473
15152
23736
25106
23329
21659
14534
7978
37401
11637
11003
12530
14206
11684
11584
6534
11954
19622
22122
23580
18973
13879
13506
38042
28106
28270
17109
20963
13766
6752
19230
27281
27194
26826
25125
17552
15628
23280
26611
25175
23831
23387
17523
9078
24969
22623
23181
25601
23231
17324
14570
24312
27156
25770
22900
18673
9394
10272
24159
26649
24330
26649
25883
21292
19169
28665
28929
27290
22520
26832
14132
14911
20001
24755
24746
26938
22914
21546
10593
26917
29174
24440
31113
28126
30560
15850
32177
30857
34548
31876
26481
7771
19335
24145
30182
23725
27639
27578
28374
24090
30887
32314
29907
34219
30730
28237
31064
34287
30887
33985
36003
35434
38878
42854
31158
35436
32570
30343
22357
24627
23090
20130
29490
32500
33546
31510
28323
28736
28500
32383
28360
26727
30390
28450
27461
18493
32945
27191
31200
31355
29020
28491
30426
33211
36305
33911
32618
29539
30145
25882
35964
18926
23268
28730
26825
33728
40021
39259
41644
43528
43701
35354
27909
26476
37517
39019
42514
34459
38635
30840
30846
17387
34819
32751
33705
36788
32997
36114
41337
44762
42249
40288
41719
38577
41624
43185
43885
39708
40025
30271
31012
42096
24206
33008
38137
40350
36183
42875
39970
43784
46035
44386
43547
40196
38912
41086
25955
38377
42082
38932
30690
31595
41811
41804
39340
37164
37967
16392
26432
32515
41029
33566
32588
32857
23334
31893
38541
39837
27123
34430
34893
27715
31536
32303
33854
11525
35707
34462
31034
34928
35979
38181
37037
31947
28252
29156
25270
27725
33327
34439
34548
35108
31442
33657
34862
35427
22542
35953
36194
35246
21934
28710
32336
36559
35614
23199
28349
21298
26886
32569
32583
33252
31628
26166
25300
30718
34917
35149
31174
36125
30654
32726
30066
37394
34694
35526
28782
29003
22814
33891
37187
36798
34779
35344
25505
28830
34182
35961
32760
36372
34229
32123
32696
34787
35199
27348
31069
31306
22475
21013
30604
33732
36064
28423
34654
26633
22228
31364
33312
34747
34290
34716
17801
21588
30663
27314
29455
31374
28480
16679
16460
29301
29355
30564
31112
29876
12976
18874
25998
31316
31315
30147
28930
17691
15229
24324
28202
27319
25986
24321
16887
12773
27613
29611
29058
24810
24431
15509
5143
13055
22780
20074
24064
21107
12229
7519
23414
22935
21801
20945
17124
9725
7498
27305
7149
5426
11236
8346
10908
9292
10235
14394
20265
17543
21759
13920
12259
23374
24683
26787
25222
24696
17512
15070
19161
26921
26934
26471
25799
9398
5859
26337
26003
20206
28189
26430
14472
17512
26371
28002
24117
25525
25331
8975
13833
23898
25349
25388
25791
21037
9956
14621
24719
20931
18866
25264
25411
23169
18624
19879
25055
26434
26179
23067
16522
14037
19204
18741
10619
8744
8234
7924
10853
24818
26301
22044
25967
18912
18717
16259
19996
28069
28769
25318
28308
8106
6624
20488
24582
27719
27228
26894
18804
19723
29486
22603
15800
20237
6362
11032
13504
7998
22708
23173
30508
30690
25909
9759
16324
26751
24883
26473
27363
34235
21324
30730
33025
40544
43585
45048
42328
38395
35940
33430
33426
34995
21387
17368
15822
17112
34598
23727
35477
36447
39070
40606
45435
41579
41130
38054
38386
16717
29190
38095
42106
34627
37549
37305
36895
39964
38800
41242
38229
31970
35108
33573
33192
36742
24312
34884
37677
37293
38293
39871
35255
37048
41592
37841
39576
36466
38562
41027
38487
40569
37871
39862
31329
26769
39768
41862
41134
41533
41765
38772
38982
44565
46084
44788
43075
43081
38522
37334
42556
44655
43511
44052
43143
36308
38196
41893
43535
44003
41826
38879
37733
37299
41828
43392
43183
42857
40297
38763
37683
42509
44195
44870
43343
34606
41145
18974
38274
42260
43691
43292
40908
39318
40220
41963
40954
42676
20574
29253
33214
23113
36510
40735
40930
28400
36869
31691
32209
37839
40293
38401
34492
27839
25490
8177
25059
34791
27070
37001
35209
35326
35048
36068
36581
36059
34778
35451
28318
30598
36965
37221
33403
38708
35332
33465
32055
39190
38360
37027
35317
32942
12376
13192
34563
36730
39281
39835
35817
32941
25254
34411
37515
38434
36930
39569
10043
25713
35156
39132
39398
35875
35747
36393
10292
28044
37920
30482
35206
34707
32588
32484
34430
34889
35656
34640
27636
18756
13675
29409
30269
32891
23475
31083
25142
21829
31421
33038
27656
32933
27403
14732
18455
26077
32062
33339
33043
28581
20518
9585
18246
15237
25022
26112
25881
15813
14529
27509
22128
22846
25714
28615
14046
15990
25801
28982
23816
16600
18608
16515
15441
27880
28904
27494
25997
24076
8076
12123
24973
20180
22425
23694
19169
13310
6748
10043
35267
10841
12310
13794
13100
12922
16305
14148
19746
21552
20863
13907
14262
25668
27757
26568
26022
26378
16750
16304
28097
29413
24500
26053
25525
16653
16803
26567
23083
25406
24357
24198
15062
10596
25859
24732
25482
23487
12841
14136
14637
18254
25682
26197
26703
17468
17439
10800
27439
28786
29145
29270
28838
20560
24383
23815
28927
28971
30474
29703
29242
26092
31480
34996
35420
27219
28255
22795
9641
26532
29701
25449
24884
23635
19951
12111
27725
21718
26816
23699
26123
14594
14390
27824
27683
30485
31307
28229
25897
27408
31215
31955
31263
32315
35321
33026
20325
31834
24529
27059
25493
27536
20423
16897
26527
25534
31699
30961
27403
19856
20896
30837
31842
37203
36574
36505
38712
36686
35435
34948
34593
34494
32006
18379
22631
33748
38908
37952
32563
28182
19806
22896
22472
34646
20276
28404
34078
25475
31836
37537
39647
39054
38408
29846
28138
26727
36072
41251
40312
41314
37280
33151
26802
28309
34443
31203
39450
39017
40800
33865
37306
31948
38033
38141
25122
26656
29311
13358
34285
25449
26617
33837
28235
26102
38894
29854
33190
38345
38656
36858
30851
38617
38200
39620
41692
39986
38616
33990
39257
42658
43924
44668
42466
34018
29889
39670
41447
42343
41916
41305
36204
27858
39489
43693
41959
34240
25620
31351
33251
40842
44457
42296
39323
31517
19950
29319
41472
27449
38299
39898
38278
39388
34341
34041
39369
37776
40667
30719
25956
29952
29570
39534
19154
38018
23388
29360
24122
33048
39255
38251
38056
35995
30776
31355
33150
37597
36576
38337
37147
30847
29486
35280
37229
33933
36722
31798
28038
27969
29440
36814
35787
38252
37354
34966
33698
32747
39025
38751
38271
37699
36479
24154
30941
21563
32427
28976
29557
24960
15478
27787
24631
33923
32707
32314
26578
21690
28418
32894
34874
35641
25222
10047
16040
22519
34372
30763
30259
29675
25400
20545
24215
33916
31786
23489
28988
14397
22155
30208
31225
32157
30951
25128
14557
18356
29198
31016
30745
30244
26194
12350
18491
28080
27391
29661
28649
21318
18553
18082
28521
28760
29437
27064
24865
14904
15599
25722
26982
26575
26030
28463
18176
14242
27306
29645
29458
28547
21917
19235
15139
27089
24198
27414
19740
23189
14862
14077
24344
19747
24745
21679
14451
9370
10407
15878
10478
34674
5649
11718
11414
12256
16166
13043
11152
18682
18437
15702
12978
23773
27554
28269
26628
26848
18219
16502
23839
23020
22499
26303
25811
19817
17922
28250
28832
27725
28420
26419
18206
12854
23486
28218
28959
27971
26378
20293
16220
28267
29473
29710
29481
28238
21810
6479
21873
27194
27948
25454
26508
9833
6514
25733
25268
24298
22662
24885
18664
14080
23515
27095
28059
20356
18676
12542
16831
26484
29209
23390
17028
27950
20229
14917
22851
28186
29716
26841
25233
18742
13268
24370
19268
17407
13371
13696
17550
16229
11639
10165
10643
10978
11035
12946
7349
7006
9121
9194
9898
11139
22109
28905
10565
14773
13660
17452
27293
33454
29537
18014
14625
18067
16660
11211
20331
39996
17453
18745
21173
23869
23367
38063
39116
17205
4872
11432
9116
14663
38474
26982
18332
18503
23350
27389
43669
48752
23540
13366
20120
16886
20445
28363
46227
51422
29598
35525
42827
36203
36817
40769
55805
67034
38386
38327
40682
45693
70170
63116
38376
45524
28915
27752
28586
27731
39225
28859
36702
16957
24710
26990
65045
57516
37990
37758
26514
25666
36582
64041
45485
43004
48287
52131
52389
50978
41381
42221
32538
28707
31474
28054
37423
42173
47227
33688
32208
22306
26128
38143
51371
49653
35317
35224
34126
37401
46734
56654
33988
39255
40542
41579
40105
40929
24828
34216
23892
37887
41163
43105
43267
49591
44097
36822
41429
42674
41172
43349
47667
44699
40033
43139
41957
34296
30322
30834
32727
32065
39694
20690
42900
35563
44600
37229
31659
27213
41188
23767
27689
29091
35248
39872
36669
31809
30832
35992
42640
39964
32954
38508
39425
40273
38358
47615
47141
31631
43592
43355
42033
42106
51764
47835
38776
46181
30731
32999
30833
34352
26694
33146
32116
27200
34441
12207
21909
8779
25748
30723
34225
29150
29389
34838
34123
21308
20948
29591
30112
33858
34167
31540
29221
32568
17842
31992
32333
26255
27462
29578
21496
27747
21958
29425
23300
25625
27663
28623
36971
19762
21849
40469
31318
19955
24860
23661
25865
25767
15491
22687
19152
23524
23011
20455
18225
35358
35315
21680
22773
22103
23694
23667
34416
27107
19199
22282
24615
14619
22624
31470
20583
19778
21625
23013
23516
24943
29258
13220
15959
26241
17574
22945
18542
16643
17397
11190
14805
13215
15630
17741
12557
17726
12631
14666
17079
15004
10986
17564
13621
10374
9567
12387
12596
11389
19703
13800
11688
11761
8590
6735
13991
12300
24898
12990
12767
9220
15096
16864
24467
6632
13252
10903
12485
13791
14815
7918
16737
12567
14462
13019
11154
19522
19065
6253
6727
7266
11726
11146
11862
15964
14038
13495
12396
12953
16281
17587
39938
33638
13929
21703
22268
18463
29685
52485
31454
18214
19222
12416
15504
20353
30882
28893
18574
25689
11251
16829
18983
24114
21978
16475
18957
18887
16882
26756
34935
32892
25237
24063
23002
20558
17524
40127
23890
34583
50370
40471
36465
39035
33877
47500
26788
22337
24414
27059
30386
23659
31377
28610
29345
30841
26089
33869
43018
36387
30142
35624
30110
32092
34647
45312
29687
26182
30584
21849
27619
28856
34635
30609
21099
22319
22808
27220
31261
22411
34410
26176
30613
31718
24704
31634
28821
17723
21027
27777
29522
27207
21452
30021
22129
21323
29226
32478
37833
32927
49875
47848
53182
46124
46231
47183
22748
56922
41583
39537
44797
46634
44446
44189
56320
48667
41079
44263
44053
30035
19026
35712
28882
20316
35381
42302
40671
39273
50000
29887
28741
31728
36904
41632
42401
39893
32729
30628
24203
38170
38057
39294
40202
41740
26224
38763
41459
38939
43016
52103
46595
38163
39611
44467
46462
43714
36877
18952
35758
36779
26491
41820
27732
35292
34376
34285
38503
44108
32213
29535
24930
25162
21634
40608
43110
39308
36992
45257
38207
33358
33521
38937
38045
37250
33274
33765
35664
39535
40758
37222
38114
39107
37065
32858
34433
37354
38823
39325
41087
45034
41408
46829
45732
40853
37388
45797
40890
38389
22871
41485
43332
41465
51300
30864
37699
44749
46175
42853
46203
48507
45163
32180
32558
39910
34095
34223
17712
33745
30988
34936
40846
38372
37527
47877
36634
36683
38469
40259
40669
38265
35598
34702
30787
35833
34344
35898
35381
38578
35165
34018
38446
39679
40598
30864
36270
27205
32891
34906
34050
33410
33000
33536
29935
30945
35175
29812
35799
29713
35243
28777
31397
34011
35489
36279
34745
34225
26609
29800
33569
32899
32745
31557
17221
20482
25340
31487
28836
29801
28765
27591
16162
23307
23088
29512
28773
28211
21616
22333
25050
27602
27925
26696
24646
25580
17205
19404
18680
17034
16372
10173
15060
8239
9164
13856
15437
19340
21744
22811
16698
19055
15300
20432
17946
19742
12182
21845
22074
21343
26147
26386
26073
26347
24162
25676
26971
27576
27210
25198
27996
23731
25096
27184
29065
29718
28182
32087
27463
26806
32363
32969
32512
24238
29154
20944
28232
32312
32442
32572
29656
28800
13356
23905
22197
26022
29716
14463
16910
15463
22928
30015
32242
25250
31200
33903
29669
26465
37727
28298
56568
31037
24237
24643
28204
34238
34605
37116
25296
34755
22968
31111
36871
23711
37252
37580
39384
31699
33921
39661
41285
40524
40417
50812
28895
32681
32672
31208
27344
25630
26519
26097
21227
32023
25320
29307
29004
33572
32452
33418
35445
37019
38585
43950
42937
37323
35819
33604
41306
41027
34123
37631
38848
32014
38368
35965
37081
32419
43044
29733
36352
37726
34515
42487
41786
41649
44350
37872
39427
31653
41005
41129
53934
22919
36720
45649
44260
43893
31278
46251
45820
34988
33213
37459
40496
44130
42005
38395
30051
29909
38084
45274
40537
34753
23374
43421
41638
41063
40021
41227
45929
40639
40873
46430
47586
47834
49247
35305
32066
43063
65326
54360
43705
43120
47485
42649
37252
44806
41593
41520
41276
42316
38719
42140
44717
45401
46050
44741
47058
44154
42739
45037
46715
46293
45023
48260
40796
38798
36895
42070
41430
39453
43414
40175
38114
41296
39282
43096
41584
42718
36041
39471
43885
43731
43239
41383
43546
40347
41602
44418
44518
43132
40118
42116
38252
37735
36390
32093
41050
66972
48010
39807
38066
41519
42948
24736
36636
37025
35994
34262
36911
40020
37781
36072
37957
33863
35571
34323
36468
27763
30285
0
0
22560
22967
30459
29192
26532
24819
22844
23197
29688
31156
31360
24856
25246
21402
22458
25701
29470
28322
18638